
x0 = [ ...
    2,0,0,0,0,0;...
   -2,0,0,0,0,0]';

accel = [ ...
    0,  0.5,    0.5;...
    4,  0,      0];

del = [ ...
    0,      0,      0;...
    4,      0.1,    0.1;...
    8,     -0.1,   -0.1;...
    12,     0,      0];
